2,1.666667e-05,1.000000e-20,1.000000e-20
3,8.333333e-06,1.000000e-20,1.000000e-20
4,5.000000e-06,1.000000e-20,1.000000e-20
5,3.333333e-06,1.000000e-20,1.000000e-20
6,2.380952e-06,1.000000e-20,1.000000e-20
7,1.785714e-06,1.000000e-20,1.000000e-20
8,1.388889e-06,1.000000e-20,1.000000e-20
9,1.111111e-06,1.000000e-20,1.000000e-20
10,9.090909e-07,1.000000e-20,1.000000e-20
11,7.575758e-07,1.000000e-20,1.000000e-20
12,6.410256e-07,1.000000e-20,1.000000e-20
13,5.494505e-07,1.000000e-20,1.000000e-20
14,4.761905e-07,1.000000e-20,1.000000e-20
15,4.166667e-07,1.000000e-20,1.000000e-20
16,3.676471e-07,1.000000e-20,1.000000e-20
17,3.267974e-07,1.000000e-20,1.000000e-20
18,2.923977e-07,1.000000e-20,1.000000e-20
19,2.631579e-07,1.000000e-20,1.000000e-20
20,2.380952e-07,1.000000e-20,1.000000e-20
21,2.164502e-07,1.000000e-20,1.000000e-20
22,1.976285e-07,1.000000e-20,1.000000e-20
23,1.811594e-07,1.000000e-20,1.000000e-20
24,1.666667e-07,1.000000e-20,1.000000e-20
25,1.538462e-07,1.000000e-20,1.000000e-20
26,1.424501e-07,1.000000e-20,1.000000e-20
27,1.322751e-07,1.000000e-20,1.000000e-20
28,1.231527e-07,1.000000e-20,1.000000e-20
29,1.149425e-07,1.000000e-20,1.000000e-20
30,1.075269e-07,1.000000e-20,1.000000e-20
31,1.008065e-07,1.000000e-20,1.000000e-20
32,9.469697e-08,1.000000e-20,1.000000e-20
33,8.912656e-08,1.000000e-20,1.000000e-20
34,8.403361e-08,1.000000e-20,1.000000e-20
35,7.936508e-08,1.000000e-20,1.000000e-20
36,7.507508e-08,1.000000e-20,1.000000e-20
37,7.112376e-08,1.000000e-20,1.000000e-20
38,6.747638e-08,1.000000e-20,1.000000e-20
39,6.410256e-08,1.000000e-20,1.000000e-20
40,6.097561e-08,1.000000e-20,1.000000e-20
41,5.807201e-08,1.000000e-20,1.000000e-20
42,5.537099e-08,1.000000e-20,1.000000e-20
43,5.285412e-08,1.000000e-20,1.000000e-20
44,5.050505e-08,1.000000e-20,1.000000e-20
45,4.830918e-08,1.000000e-20,1.000000e-20
46,4.625347e-08,1.000000e-20,1.000000e-20
47,4.432624e-08,1.000000e-20,1.000000e-20
48,4.251701e-08,1.000000e-20,1.000000e-20
49,4.081633e-08,1.000000e-20,1.000000e-20
50,3.921569e-08,1.000000e-20,1.000000e-20
51,3.770739e-08,1.000000e-20,1.000000e-20
52,3.628447e-08,1.000000e-20,1.000000e-20
53,3.494060e-08,1.000000e-20,1.000000e-20
54,3.367003e-08,1.000000e-20,1.000000e-20
55,3.246753e-08,1.000000e-20,1.000000e-20
56,3.132832e-08,1.000000e-20,1.000000e-20
57,3.024803e-08,1.000000e-20,1.000000e-20
58,2.922268e-08,1.000000e-20,1.000000e-20
59,2.824859e-08,1.000000e-20,1.000000e-20
60,2.732240e-08,1.000000e-20,1.000000e-20
61,2.644104e-08,1.000000e-20,1.000000e-20
62,2.560164e-08,1.000000e-20,1.000000e-20
63,2.480159e-08,1.000000e-20,1.000000e-20
64,2.403846e-08,1.000000e-20,1.000000e-20
65,2.331002e-08,1.000000e-20,1.000000e-20
66,2.261420e-08,1.000000e-20,1.000000e-20
67,2.194908e-08,1.000000e-20,1.000000e-20
68,2.131287e-08,1.000000e-20,1.000000e-20
69,2.070393e-08,1.000000e-20,1.000000e-20
70,2.012072e-08,1.000000e-20,1.000000e-20
71,1.956182e-08,1.000000e-20,1.000000e-20
72,1.902588e-08,1.000000e-20,1.000000e-20
73,1.851166e-08,1.000000e-20,1.000000e-20
74,1.801802e-08,1.000000e-20,1.000000e-20
75,1.754386e-08,1.000000e-20,1.000000e-20
76,1.708817e-08,1.000000e-20,1.000000e-20
77,1.665002e-08,1.000000e-20,1.000000e-20
78,1.622850e-08,1.000000e-20,1.000000e-20
79,1.582278e-08,1.000000e-20,1.000000e-20
80,1.543210e-08,1.000000e-20,1.000000e-20
81,1.505571e-08,1.000000e-20,1.000000e-20
82,1.469292e-08,1.000000e-20,1.000000e-20
83,1.434309e-08,1.000000e-20,1.000000e-20
84,1.400560e-08,1.000000e-20,1.000000e-20
85,1.367989e-08,1.000000e-20,1.000000e-20
86,1.336541e-08,1.000000e-20,1.000000e-20
87,1.306165e-08,1.000000e-20,1.000000e-20
88,1.276813e-08,1.000000e-20,1.000000e-20
89,1.248439e-08,1.000000e-20,1.000000e-20
90,1.221001e-08,1.000000e-20,1.000000e-20
91,1.194458e-08,1.000000e-20,1.000000e-20
92,1.168770e-08,1.000000e-20,1.000000e-20
93,1.143903e-08,1.000000e-20,1.000000e-20
94,1.119821e-08,1.000000e-20,1.000000e-20
95,1.096491e-08,1.000000e-20,1.000000e-20
96,1.073883e-08,1.000000e-20,1.000000e-20
97,1.051967e-08,1.000000e-20,1.000000e-20
98,1.030715e-08,1.000000e-20,1.000000e-20
99,1.010101e-08,1.000000e-20,1.000000e-20
100,9.900990e-09,1.000000e-20,1.000000e-20
101,9.706853e-09,1.000000e-20,1.000000e-20
102,9.518370e-09,1.000000e-20,1.000000e-20
103,9.335325e-09,1.000000e-20,1.000000e-20
104,9.157509e-09,1.000000e-20,1.000000e-20
105,8.984726e-09,1.000000e-20,1.000000e-20
106,8.816787e-09,1.000000e-20,1.000000e-20
107,8.653513e-09,1.000000e-20,1.000000e-20
108,8.494733e-09,1.000000e-20,1.000000e-20
109,8.340284e-09,1.000000e-20,1.000000e-20
110,8.190008e-09,1.000000e-20,1.000000e-20
111,8.043758e-09,1.000000e-20,1.000000e-20
112,7.901391e-09,1.000000e-20,1.000000e-20
113,7.762770e-09,1.000000e-20,1.000000e-20
114,7.627765e-09,1.000000e-20,1.000000e-20
115,7.496252e-09,1.000000e-20,1.000000e-20
116,7.368111e-09,1.000000e-20,1.000000e-20
117,7.243228e-09,1.000000e-20,1.000000e-20
118,7.121493e-09,1.000000e-20,1.000000e-20
119,7.002801e-09,1.000000e-20,1.000000e-20
120,6.887052e-09,1.000000e-20,1.000000e-20
121,6.774150e-09,1.000000e-20,1.000000e-20
122,6.664001e-09,1.000000e-20,1.000000e-20
123,6.556517e-09,1.000000e-20,1.000000e-20
124,6.451613e-09,1.000000e-20,1.000000e-20
125,6.349206e-09,1.000000e-20,1.000000e-20
126,6.249219e-09,1.000000e-20,1.000000e-20
127,6.151575e-09,1.000000e-20,1.000000e-20
128,6.056202e-09,1.000000e-20,1.000000e-20
129,5.963029e-09,1.000000e-20,1.000000e-20
130,5.871991e-09,1.000000e-20,1.000000e-20
131,5.783021e-09,1.000000e-20,1.000000e-20
132,5.696058e-09,1.000000e-20,1.000000e-20
133,5.611043e-09,1.000000e-20,1.000000e-20
134,5.527916e-09,1.000000e-20,1.000000e-20
135,5.446623e-09,1.000000e-20,1.000000e-20
136,5.367110e-09,1.000000e-20,1.000000e-20
137,5.289326e-09,1.000000e-20,1.000000e-20
138,5.213221e-09,1.000000e-20,1.000000e-20
139,5.138746e-09,1.000000e-20,1.000000e-20
140,5.065856e-09,1.000000e-20,1.000000e-20
141,4.994506e-09,1.000000e-20,1.000000e-20
142,4.924653e-09,1.000000e-20,1.000000e-20
143,4.856255e-09,1.000000e-20,1.000000e-20
144,4.789272e-09,1.000000e-20,1.000000e-20
145,4.723666e-09,1.000000e-20,1.000000e-20
146,4.659398e-09,1.000000e-20,1.000000e-20
147,4.596433e-09,1.000000e-20,1.000000e-20
148,4.534736e-09,1.000000e-20,1.000000e-20
149,4.474273e-09,1.000000e-20,1.000000e-20
150,4.415011e-09,1.000000e-20,1.000000e-20
151,4.356919e-09,1.000000e-20,1.000000e-20
152,4.299966e-09,1.000000e-20,1.000000e-20
153,4.244122e-09,1.000000e-20,1.000000e-20
154,4.189359e-09,1.000000e-20,1.000000e-20
155,4.135649e-09,1.000000e-20,1.000000e-20
156,4.082966e-09,1.000000e-20,1.000000e-20
157,4.031283e-09,1.000000e-20,1.000000e-20
158,3.980575e-09,1.000000e-20,1.000000e-20
159,3.930818e-09,1.000000e-20,1.000000e-20
160,3.881988e-09,1.000000e-20,1.000000e-20
161,3.834062e-09,1.000000e-20,1.000000e-20
162,3.787018e-09,1.000000e-20,1.000000e-20
163,3.740835e-09,1.000000e-20,1.000000e-20
164,3.695492e-09,1.000000e-20,1.000000e-20
165,3.650968e-09,1.000000e-20,1.000000e-20
166,3.607243e-09,1.000000e-20,1.000000e-20
167,3.564300e-09,1.000000e-20,1.000000e-20
168,3.522119e-09,1.000000e-20,1.000000e-20
169,3.480682e-09,1.000000e-20,1.000000e-20
170,3.439972e-09,1.000000e-20,1.000000e-20
171,3.399973e-09,1.000000e-20,1.000000e-20
172,3.360667e-09,1.000000e-20,1.000000e-20
173,3.322038e-09,1.000000e-20,1.000000e-20
174,3.284072e-09,1.000000e-20,1.000000e-20
175,3.246753e-09,1.000000e-20,1.000000e-20
176,3.210067e-09,1.000000e-20,1.000000e-20
177,3.173999e-09,1.000000e-20,1.000000e-20
178,3.138535e-09,1.000000e-20,1.000000e-20
179,3.103662e-09,1.000000e-20,1.000000e-20
180,3.069368e-09,1.000000e-20,1.000000e-20
181,3.035638e-09,1.000000e-20,1.000000e-20
182,3.002462e-09,1.000000e-20,1.000000e-20
183,2.969827e-09,1.000000e-20,1.000000e-20
184,2.937720e-09,1.000000e-20,1.000000e-20
185,2.906132e-09,1.000000e-20,1.000000e-20
186,2.875050e-09,1.000000e-20,1.000000e-20
187,2.844465e-09,1.000000e-20,1.000000e-20
188,2.814365e-09,1.000000e-20,1.000000e-20
189,2.784740e-09,1.000000e-20,1.000000e-20
190,2.755580e-09,1.000000e-20,1.000000e-20
191,2.726876e-09,1.000000e-20,1.000000e-20
192,2.698618e-09,1.000000e-20,1.000000e-20
193,2.670798e-09,1.000000e-20,1.000000e-20
194,2.643405e-09,1.000000e-20,1.000000e-20
195,2.616431e-09,1.000000e-20,1.000000e-20
196,2.589868e-09,1.000000e-20,1.000000e-20
197,2.563708e-09,1.000000e-20,1.000000e-20
198,2.537942e-09,1.000000e-20,1.000000e-20
199,2.512563e-09,1.000000e-20,1.000000e-20
200,2.487562e-09,1.000000e-20,1.000000e-20
201,2.462933e-09,1.000000e-20,1.000000e-20
202,2.438668e-09,1.000000e-20,1.000000e-20
203,2.414759e-09,1.000000e-20,1.000000e-20
204,2.391200e-09,1.000000e-20,1.000000e-20
205,2.367985e-09,1.000000e-20,1.000000e-20
206,2.345106e-09,1.000000e-20,1.000000e-20
207,2.322557e-09,1.000000e-20,1.000000e-20
208,2.300331e-09,1.000000e-20,1.000000e-20
209,2.278423e-09,1.000000e-20,1.000000e-20
210,2.256827e-09,1.000000e-20,1.000000e-20
211,2.235536e-09,1.000000e-20,1.000000e-20
212,2.214545e-09,1.000000e-20,1.000000e-20
213,2.193848e-09,1.000000e-20,1.000000e-20
214,2.173441e-09,1.000000e-20,1.000000e-20
215,2.153316e-09,1.000000e-20,1.000000e-20
216,2.133470e-09,1.000000e-20,1.000000e-20
217,2.113897e-09,1.000000e-20,1.000000e-20
218,2.094592e-09,1.000000e-20,1.000000e-20
219,2.075550e-09,1.000000e-20,1.000000e-20
220,2.056767e-09,1.000000e-20,1.000000e-20
221,2.038237e-09,1.000000e-20,1.000000e-20
222,2.019957e-09,1.000000e-20,1.000000e-20
223,2.001922e-09,1.000000e-20,1.000000e-20
224,1.984127e-09,1.000000e-20,1.000000e-20
225,1.966568e-09,1.000000e-20,1.000000e-20
226,1.949242e-09,1.000000e-20,1.000000e-20
227,1.932143e-09,1.000000e-20,1.000000e-20
228,1.915269e-09,1.000000e-20,1.000000e-20
229,1.898614e-09,1.000000e-20,1.000000e-20
230,1.882176e-09,1.000000e-20,1.000000e-20
231,1.865950e-09,1.000000e-20,1.000000e-20
232,1.849933e-09,1.000000e-20,1.000000e-20
233,1.834122e-09,1.000000e-20,1.000000e-20
234,1.818512e-09,1.000000e-20,1.000000e-20
235,1.803101e-09,1.000000e-20,1.000000e-20
236,1.787885e-09,1.000000e-20,1.000000e-20
237,1.772861e-09,1.000000e-20,1.000000e-20
238,1.758025e-09,1.000000e-20,1.000000e-20
239,1.743375e-09,1.000000e-20,1.000000e-20
240,1.728907e-09,1.000000e-20,1.000000e-20
241,1.714619e-09,1.000000e-20,1.000000e-20
242,1.700507e-09,1.000000e-20,1.000000e-20
243,1.686568e-09,1.000000e-20,1.000000e-20
244,1.672800e-09,1.000000e-20,1.000000e-20
245,1.659200e-09,1.000000e-20,1.000000e-20
246,1.645765e-09,1.000000e-20,1.000000e-20
247,1.632493e-09,1.000000e-20,1.000000e-20
248,1.619381e-09,1.000000e-20,1.000000e-20
249,1.606426e-09,1.000000e-20,1.000000e-20
250,1.593625e-09,1.000000e-20,1.000000e-20
251,1.580978e-09,1.000000e-20,1.000000e-20
252,1.568480e-09,1.000000e-20,1.000000e-20
253,1.556130e-09,1.000000e-20,1.000000e-20
254,1.543925e-09,1.000000e-20,1.000000e-20
255,1.531863e-09,1.000000e-20,1.000000e-20
256,1.519942e-09,1.000000e-20,1.000000e-20
